seed = 1
species = 'melanogaster'
concentration = -2
odorant = 'anisole'
w_ORN_PN = 0.002
w_ORN_Picky = 0.0005
w_Picky_PN = 0.05
max_rate_OR = 45.0
background_rate_OR = 10.0

responses_ORN = array([[16., 16., 14., ..., 12., 16., 14.],
       [16., 14., 14., ..., 22., 16., 14.],
       [16., 14., 18., ..., 64., 44., 34.],
       ...,
       [14., 14., 16., ..., 18., 18., 12.],
       [16., 16., 14., ..., 12., 16., 18.],
       [14., 16., 12., ..., 32., 22., 20.]])
responses_uPN = array([[ 8.,  4.,  6., ...,  0.,  0.,  0.],
       [16., 22., 26., ...,  0.,  0.,  2.],
       [ 8.,  4.,  4., ...,  0.,  2.,  2.],
       ...,
       [22., 26., 10., ...,  4.,  6., 12.],
       [62., 66., 56., ..., 54., 70., 74.],
       [20.,  4.,  8., ..., 10.,  8.,  4.]])
responses_mPN = array([[ 0.,  0.,  0.,  0.,  0.,  0.,  0.,  0.,  0.,  0.,  0.,  0.,  0.,
         0.,  0.,  0.,  0.,  0.,  0.,  0.,  0.,  0.,  0.,  0.,  0.,  0.,
         0.,  0.,  0.,  0.,  0.,  0.,  0.,  0.,  0.,  0.,  0.,  0.,  0.,
         0.,  0.,  0.,  0.,  0.,  0.,  0.,  0.,  0.,  0.,  0.],
       [ 2.,  0.,  2.,  0.,  0.,  0.,  0.,  0.,  2.,  0.,  0.,  0.,  2.,
         0.,  0.,  0.,  0.,  0.,  4.,  0.,  0.,  0.,  0.,  0.,  0.,  0.,
         0.,  0.,  0.,  0.,  0.,  0.,  0.,  0.,  0.,  0.,  0.,  0.,  0.,
         0.,  0.,  0.,  0.,  0.,  0.,  0.,  0.,  0.,  0.,  0.],
       [14.,  2., 12.,  0.,  4.,  6.,  8.,  8.,  8.,  8.,  2.,  4.,  6.,
         6.,  4.,  8., 10.,  6., 10., 14.,  0.,  0.,  0.,  0.,  0.,  0.,
         0.,  0.,  0.,  0.,  0.,  0.,  0.,  0.,  0.,  0.,  0.,  0.,  0.,
         0.,  0.,  0.,  0.,  0.,  0.,  0.,  0.,  0.,  0.,  0.],
       [ 4.,  0.,  0.,  0.,  0.,  0.,  0.,  0.,  2.,  0.,  0.,  0.,  0.,
         0.,  0.,  0.,  0.,  2.,  0.,  0.,  0.,  0.,  0.,  0.,  0.,  0.,
         0.,  0.,  0.,  0.,  0.,  0.,  0.,  0.,  0.,  0.,  0.,  0.,  0.,
         0.,  0.,  0.,  0.,  0.,  0.,  0.,  0.,  0.,  0.,  0.],
       [ 0.,  0.,  0.,  0.,  0.,  0.,  0.,  0.,  0.,  0.,  0.,  0.,  0.,
         0.,  0.,  0.,  0.,  0.,  0.,  0.,  0.,  0.,  0.,  0.,  0.,  0.,
         0.,  0.,  0.,  0.,  0.,  0.,  0.,  0.,  0.,  0.,  0.,  0.,  0.,
         0.,  0.,  0.,  0.,  0.,  0.,  0.,  0.,  0.,  0.,  0.],
       [ 2.,  0.,  0.,  0.,  0.,  0.,  0.,  0.,  0.,  0.,  0.,  0.,  0.,
         0.,  0.,  0.,  0.,  0.,  0.,  0.,  0.,  0.,  0.,  0.,  0.,  0.,
         0.,  0.,  0.,  0.,  0.,  0.,  0.,  0.,  0.,  0.,  0.,  0.,  0.,
         0.,  0.,  0.,  0.,  0.,  0.,  0.,  0.,  0.,  0.,  0.],
       [ 0.,  0.,  0.,  0.,  0.,  0.,  0.,  0.,  0.,  0.,  0.,  0.,  0.,
         0.,  0.,  0.,  0.,  0.,  0.,  0.,  0.,  0.,  0.,  0.,  0.,  0.,
         0.,  0.,  0.,  0.,  0.,  0.,  0.,  0.,  0.,  0.,  0.,  0.,  0.,
         0.,  0.,  0.,  0.,  0.,  0.,  0.,  0.,  0.,  0.,  0.],
       [14.,  6., 14., 12., 12.,  8.,  6.,  8., 22., 10., 12., 28., 20.,
        18., 26., 14.,  0., 16., 16., 20.,  6.,  2.,  0.,  0.,  2.,  0.,
         4.,  2.,  2.,  2.,  8.,  4.,  0.,  0.,  6.,  2.,  4.,  4.,  0.,
         4.,  0.,  0.,  0.,  0.,  0.,  0.,  0.,  0.,  6.,  2.],
       [ 4.,  0.,  2.,  2.,  0.,  0.,  0.,  0.,  8.,  0.,  2.,  2.,  0.,
         0.,  2.,  0.,  0.,  0.,  6.,  0.,  0.,  0.,  0.,  0.,  0.,  0.,
         0.,  0.,  0.,  0.,  0.,  0.,  0.,  0.,  0.,  0.,  0.,  0.,  0.,
         0.,  0.,  0.,  0.,  0.,  0.,  0.,  0.,  0.,  0.,  0.],
       [ 0.,  0.,  0.,  0.,  0.,  0.,  0.,  0.,  0.,  0.,  0.,  0.,  0.,
         0.,  0.,  0.,  0.,  0.,  0.,  0.,  0.,  0.,  0.,  0.,  0.,  0.,
         0.,  0.,  0.,  0.,  0.,  0.,  0.,  0.,  0.,  0.,  0.,  0.,  0.,
         0.,  0.,  0.,  0.,  0.,  0.,  0.,  0.,  0.,  0.,  0.],
       [ 0.,  0.,  0.,  0.,  0.,  0.,  0.,  0.,  0.,  0.,  0.,  0.,  0.,
         0.,  0.,  0.,  0.,  0.,  0.,  0.,  0.,  0.,  0.,  0.,  0.,  0.,
         0.,  0.,  0.,  0.,  0.,  0.,  0.,  0.,  0.,  0.,  0.,  0.,  0.,
         0.,  0.,  0.,  0.,  0.,  0.,  0.,  0.,  0.,  0.,  0.],
       [ 4.,  4.,  0.,  4.,  0., 10.,  2.,  8.,  2.,  0.,  4.,  8.,  2.,
         6.,  0.,  6.,  4., 10.,  4.,  4., 26., 28., 32., 24., 30., 30.,
        36., 22., 40., 20., 34., 28., 32., 22., 30., 32., 36., 40., 30.,
        18., 38., 28., 36., 26., 28., 18., 30., 26., 36., 14.],
       [ 2.,  0.,  0.,  0.,  0.,  0.,  0.,  0.,  0.,  0.,  0.,  0.,  0.,
         0.,  0.,  0.,  0.,  0.,  0.,  0.,  0.,  0.,  0.,  0.,  0.,  0.,
         0.,  0.,  0.,  0.,  0.,  0.,  0.,  0.,  0.,  0.,  0.,  0.,  0.,
         0.,  0.,  0.,  0.,  0.,  0.,  0.,  0.,  0.,  0.,  0.],
       [ 0.,  0.,  0.,  0.,  0.,  0.,  0.,  0.,  0.,  0.,  0.,  0.,  0.,
         0.,  0.,  0.,  0.,  0.,  0.,  0.,  0.,  0.,  0.,  0.,  0.,  0.,
         0.,  0.,  0.,  0.,  0.,  0.,  0.,  0.,  0.,  0.,  0.,  0.,  0.,
         0.,  0.,  0.,  0.,  0.,  0.,  0.,  0.,  0.,  0.,  0.],
       [ 6.,  0.,  0.,  0.,  0.,  0.,  2.,  2.,  0.,  0.,  0.,  0.,  0.,
         2.,  0.,  0.,  0.,  4.,  0.,  0.,  0.,  0.,  0.,  0.,  0.,  0.,
         0.,  0.,  0.,  0.,  0.,  0.,  0.,  0.,  0.,  0.,  0.,  0.,  0.,
         0.,  0.,  0.,  0.,  0.,  0.,  0.,  0.,  0.,  0.,  0.]])
responses_Picky = array([[ 38.,  46.,  44.,  42.,  48.,  42.,  44.,  46.,  46.,  52.,  48.,
         44.,  44.,  44.,  52.,  46.,  48.,  40.,  36.,  46., 116., 128.,
        126., 128., 128., 128., 126., 130., 122., 130., 126., 128., 128.,
        130., 128., 126., 128., 122., 128., 130., 124., 120., 118., 116.,
        108., 100.,  94.,  78.,  70.,  66.],
       [ 38.,  48.,  40.,  50.,  44.,  40.,  44.,  44.,  42.,  44.,  44.,
         42.,  46.,  38.,  52.,  42.,  50.,  40.,  36.,  44.,  94., 106.,
        102., 104., 108., 106., 104., 110.,  98., 110., 102., 106., 106.,
        104., 106., 108., 106.,  98., 100., 104.,  96.,  94.,  92.,  84.,
         84.,  74.,  74.,  66.,  62.,  58.],
       [ 28.,  32.,  26.,  30.,  32.,  30.,  30.,  34.,  30.,  34.,  36.,
         36.,  32.,  32.,  28.,  28.,  32.,  24.,  26.,  30., 174., 208.,
        208., 208., 208., 210., 210., 210., 210., 208., 210., 208., 210.,
        210., 206., 208., 206., 206., 204., 202., 202., 196., 190., 184.,
        174., 160., 144., 120.,  96.,  80.],
       [ 28.,  24.,  20.,  22.,  26.,  32.,  30.,  24.,  20.,  28.,  22.,
         22.,  26.,  22.,  16.,  30.,  28.,  24.,  26.,  30.,  60.,  70.,
         72.,  70.,  68.,  72.,  66.,  70.,  70.,  68.,  70.,  68.,  74.,
         68.,  72.,  66.,  72.,  70.,  66.,  72.,  70.,  68.,  68.,  76.,
         64.,  66.,  64.,  34.,  22.,  28.],
       [ 16.,  14.,  10.,  16.,  16.,  16.,  16.,  12.,  12.,  16.,  18.,
         12.,  18.,  10.,  12.,  16.,  16.,  16.,  16.,  16.,  26.,  32.,
         30.,  36.,  28.,  30.,  32.,  34.,  32.,  32.,  32.,  30.,  32.,
         32.,  30.,  28.,  30.,  30.,  28.,  36.,  28.,  30.,  30.,  32.,
         26.,  28.,  24.,  20.,  14.,  20.]])
