seed = 1
species = 'melanogaster'
concentration = -2
odorant = 'anisole'
w_ORN_PN = 0.002
w_ORN_Picky = 0.0005
w_Picky_PN = 0.05
max_rate_OR = 45.0
background_rate_OR = 10.0

responses_ORN = array([[18., 20., 16., ..., 10., 14., 22.],
       [18., 16., 16., ..., 22., 18., 20.],
       [14., 18., 18., ..., 64., 48., 32.],
       ...,
       [16., 18., 14., ..., 16., 16., 16.],
       [14., 16., 18., ..., 16., 16., 14.],
       [18., 14., 16., ..., 28., 22., 22.]])
responses_uPN = array([[ 4.,  8.,  4., ...,  0.,  0.,  0.],
       [20., 22., 22., ...,  0.,  0.,  8.],
       [ 4.,  8.,  6., ...,  2.,  4.,  2.],
       ...,
       [22., 20., 20., ...,  4., 10., 18.],
       [52., 68., 72., ..., 70., 58., 64.],
       [12., 16., 18., ..., 20., 12., 20.]])
responses_mPN = array([[ 0.,  0.,  0.,  0.,  0.,  0.,  0.,  0.,  0.,  0.,  0.,  0.,  0.,
         0.,  0.,  0.,  0.,  0.,  0.,  0.,  0.,  0.,  0.,  0.,  0.,  0.,
         0.,  0.,  0.,  0.,  0.,  0.,  0.,  0.,  0.,  0.,  0.,  0.,  0.,
         0.,  0.,  0.,  0.,  0.,  0.,  0.,  0.,  0.,  0.,  0.],
       [ 2.,  0.,  0.,  0.,  0.,  0.,  2.,  0.,  0.,  0.,  0.,  0.,  0.,
         0.,  0.,  0.,  0.,  4.,  0.,  0.,  0.,  0.,  0.,  0.,  0.,  0.,
         0.,  0.,  0.,  0.,  0.,  0.,  0.,  0.,  0.,  0.,  0.,  0.,  0.,
         0.,  0.,  0.,  0.,  0.,  0.,  0.,  0.,  0.,  0.,  0.],
       [16., 10., 14.,  8.,  6.,  2.,  6., 14., 10.,  4.,  6.,  6., 10.,
         6.,  4.,  4.,  6.,  8., 12., 12.,  0.,  0.,  0.,  0.,  0.,  0.,
         0.,  0.,  0.,  0.,  0.,  0.,  0.,  0.,  0.,  0.,  0.,  0.,  0.,
         0.,  0.,  0.,  0.,  0.,  0.,  0.,  0.,  0.,  0.,  0.],
       [ 2.,  0.,  0.,  0.,  2.,  0.,  0.,  0.,  0.,  0.,  4.,  0.,  0.,
         0.,  0.,  0.,  0.,  0.,  0.,  0.,  0.,  0.,  0.,  0.,  0.,  0.,
         0.,  0.,  0.,  0.,  0.,  0.,  0.,  0.,  0.,  0.,  0.,  0.,  0.,
         0.,  0.,  0.,  0.,  0.,  0.,  0.,  0.,  0.,  0.,  0.],
       [ 0.,  0.,  0.,  0.,  0.,  0.,  0.,  0.,  0.,  0.,  0.,  0.,  0.,
         0.,  0.,  0.,  0.,  0.,  0.,  0.,  0.,  0.,  0.,  0.,  0.,  0.,
         0.,  0.,  0.,  0.,  0.,  0.,  0.,  0.,  0.,  0.,  0.,  0.,  0.,
         0.,  0.,  0.,  0.,  0.,  0.,  0.,  0.,  0.,  0.,  0.],
       [ 0.,  0.,  0.,  0.,  0.,  0.,  0.,  0.,  0.,  0.,  0.,  0.,  0.,
         0.,  0.,  0.,  0.,  0.,  0.,  0.,  0.,  0.,  0.,  0.,  0.,  0.,
         0.,  0.,  0.,  0.,  0.,  0.,  0.,  0.,  0.,  0.,  0.,  0.,  0.,
         0.,  0.,  0.,  0.,  0.,  0.,  0.,  0.,  0.,  0.,  0.],
       [ 0.,  0.,  0.,  0.,  0.,  0.,  0.,  0.,  0.,  0.,  0.,  0.,  0.,
         0.,  0.,  0.,  0.,  0.,  0.,  0.,  0.,  0.,  0.,  0.,  0.,  0.,
         0.,  0.,  0.,  0.,  0.,  0.,  0.,  0.,  0.,  0.,  0.,  0.,  0.,
         0.,  0.,  0.,  0.,  0.,  0.,  0.,  0.,  0.,  0.,  0.],
       [12., 16., 14.,  6., 16., 24.,  4., 16., 16.,  4., 12.,  6., 18.,
        18., 12., 14., 16., 18.,  6., 12.,  4.,  2.,  6.,  2.,  0.,  2.,
         8.,  8.,  4.,  0.,  4.,  2.,  0., 10.,  0.,  4.,  0.,  0.,  2.,
         0.,  0.,  0.,  0.,  0.,  0.,  0.,  0.,  6.,  2.,  6.],
       [ 4.,  0.,  0.,  0.,  0.,  0.,  2.,  2.,  0.,  2.,  0.,  0.,  2.,
         4.,  0.,  2.,  0.,  2.,  0.,  2.,  0.,  0.,  0.,  0.,  0.,  0.,
         0.,  0.,  0.,  0.,  0.,  0.,  0.,  0.,  0.,  0.,  0.,  0.,  0.,
         0.,  0.,  0.,  0.,  0.,  0.,  0.,  0.,  0.,  0.,  0.],
       [ 0.,  0.,  0.,  0.,  0.,  0.,  0.,  0.,  0.,  0.,  0.,  0.,  0.,
         0.,  0.,  0.,  0.,  0.,  0.,  0.,  0.,  0.,  0.,  0.,  0.,  0.,
         0.,  0.,  0.,  0.,  0.,  0.,  0.,  0.,  0.,  0.,  0.,  0.,  0.,
         0.,  0.,  0.,  0.,  0.,  0.,  0.,  0.,  0.,  0.,  0.],
       [ 0.,  0.,  0.,  0.,  0.,  0.,  0.,  0.,  0.,  0.,  0.,  0.,  0.,
         0.,  0.,  0.,  0.,  0.,  0.,  0.,  0.,  0.,  0.,  0.,  0.,  0.,
         0.,  0.,  0.,  0.,  0.,  0.,  0.,  0.,  0.,  0.,  0.,  0.,  0.,
         0.,  0.,  0.,  0.,  0.,  0.,  0.,  0.,  0.,  0.,  0.],
       [ 8.,  6.,  0.,  4.,  6.,  4.,  2.,  4.,  6.,  6.,  8.,  2.,  8.,
         2.,  6.,  4.,  6.,  8.,  6.,  4., 32., 36., 42., 30., 22., 36.,
        30., 34., 26., 34., 36., 36., 36., 24., 24., 40., 34., 24., 32.,
        22., 20., 36., 30., 34., 44., 24., 22., 32., 14., 20.],
       [ 0.,  0.,  0.,  0.,  0.,  0.,  0.,  0.,  0.,  0.,  0.,  0.,  0.,
         0.,  0.,  0.,  0.,  0.,  0.,  0.,  0.,  0.,  0.,  0.,  0.,  0.,
         0.,  0.,  0.,  0.,  0.,  0.,  0.,  0.,  0.,  0.,  0.,  0.,  0.,
         0.,  0.,  0.,  0.,  0.,  0.,  0.,  0.,  0.,  0.,  0.],
       [ 0.,  0.,  0.,  0.,  0.,  0.,  0.,  0.,  0.,  0.,  0.,  0.,  0.,
         0.,  0.,  0.,  0.,  0.,  0.,  0.,  0.,  0.,  0.,  0.,  0.,  0.,
         0.,  0.,  0.,  0.,  0.,  0.,  0.,  0.,  0.,  0.,  0.,  0.,  0.,
         0.,  0.,  0.,  0.,  0.,  0.,  0.,  0.,  0.,  0.,  0.],
       [ 0.,  0.,  0.,  4.,  2.,  0.,  0.,  2.,  4.,  0.,  2.,  0.,  2.,
         0.,  0.,  2.,  2.,  0.,  0.,  0.,  0.,  0.,  0.,  0.,  0.,  0.,
         0.,  0.,  0.,  0.,  0.,  0.,  0.,  0.,  0.,  0.,  0.,  0.,  0.,
         0.,  0.,  0.,  0.,  0.,  0.,  0.,  0.,  0.,  0.,  0.]])
responses_Picky = array([[ 38.,  42.,  46.,  38.,  46.,  44.,  42.,  44.,  46.,  48.,  40.,
         54.,  44.,  48.,  40.,  44.,  46.,  48.,  50.,  50., 108., 124.,
        124., 128., 126., 126., 128., 128., 132., 128., 128., 126., 128.,
        126., 128., 126., 126., 126., 126., 124., 124., 120., 118., 116.,
        106., 106.,  96.,  78.,  68.,  64.],
       [ 44.,  38.,  46.,  38.,  46.,  42.,  38.,  40.,  38.,  50.,  36.,
         56.,  42.,  48.,  36.,  42.,  44.,  46.,  42.,  46.,  86.,  98.,
        100., 104., 104., 100., 108., 110., 108., 108., 104., 108., 104.,
        106., 106., 102., 102.,  98., 102.,  98.,  96.,  96.,  92.,  86.,
         78.,  82.,  70.,  64.,  62.,  54.],
       [ 28.,  38.,  28.,  28.,  30.,  30.,  28.,  36.,  34.,  28.,  26.,
         34.,  34.,  30.,  32.,  30.,  38.,  26.,  26.,  34., 178., 208.,
        208., 208., 208., 210., 208., 210., 210., 208., 210., 208., 208.,
        208., 208., 206., 206., 206., 204., 204., 200., 196., 192., 186.,
        176., 162., 146., 114.,  94.,  80.],
       [ 26.,  22.,  24.,  26.,  20.,  18.,  26.,  24.,  24.,  28.,  30.,
         28.,  26.,  18.,  22.,  28.,  22.,  24.,  28.,  26.,  64.,  68.,
         70.,  70.,  70.,  68.,  64.,  70.,  68.,  72.,  70.,  74.,  72.,
         68.,  70.,  68.,  66.,  78.,  68.,  70.,  76.,  70.,  70.,  70.,
         72.,  74.,  60.,  38.,  32.,  30.],
       [ 12.,  10.,  12.,  12.,  12.,  10.,  16.,  10.,  12.,  12.,  16.,
         12.,  12.,  12.,  14.,  14.,  14.,  14.,  16.,  14.,  26.,  32.,
         30.,  30.,  32.,  28.,  32.,  28.,  30.,  28.,  30.,  30.,  28.,
         30.,  34.,  28.,  26.,  36.,  30.,  32.,  36.,  26.,  30.,  26.,
         26.,  32.,  28.,  18.,  22.,  14.]])
